645496576.0000000000 0.0000000 -0.5000000 0.0000000 0.0000000 0.0000000 0.0000000 1.0000000
96017496.0000000000 -0.2338035 -0.5917442 0.2173613 -0.0140168 -0.1826675 -0.0104868 0.9830189
429278752.0000000000 -0.2295948 -0.5919571 0.2409343 0.0095588 -0.1667137 -0.0105102 0.9859030
707049856.0000000000 -0.2303268 -0.5916660 0.2525441 0.0205810 -0.1273828 -0.0085369 0.9916033
29992284.0000000000 -0.3180338 -0.6174083 0.2078761 -0.0409318 -0.3298379 -0.0399017 0.9423054
418033312.0000000000 -0.3171737 -0.6028333 0.2377614 -0.0218621 -0.1401237 -0.0512814 0.9885634
250717024.0000000000 -0.3373236 -0.5004422 0.1823795 -0.0692784 -0.5890773 -0.0394455 0.8041346
340942528.0000000000 -0.1961066 -0.5856404 0.2210278 -0.0061509 -0.6322273 -0.0779544 0.7708268
607832576.0000000000 -0.2213205 -0.5855406 0.1882055 -0.0557562 -0.3913544 -0.0328828 0.9179606
462383328.0000000000 -0.2211589 -0.6323851 0.1445310 -0.0688068 -0.4315699 -0.0294871 0.8989681
245388576.0000000000 -0.1624115 -0.7394965 0.3330021 -0.0407284 -0.4747907 -0.0294306 0.8786631
491504192.0000000000 -0.1880811 -0.7427729 0.3352282 -0.0540337 -0.4913456 -0.0162235 0.8691356
