2222747.0000000000 0.1016323 -0.0650240 -0.0751400 -0.0066705 0.7219919 -0.2585580 0.6417406
2223682.0000000000 -0.0562405 -0.0168124 0.0783487 -0.0184175 0.6959172 -0.2715745 0.6645355
2225771.0000000000 -0.6236186 0.0862853 0.5415087 -0.0486922 0.6731195 -0.2646247 0.6888490
2226270.0000000000 -0.8187865 0.0708734 0.6000128 -0.0435029 0.6604848 -0.2598368 0.7031019
2226762.0000000000 -0.9620819 0.1166444 0.7348937 -0.0408808 0.6656036 -0.2641971 0.6967786
2227314.0000000000 -1.0678909 0.1555929 0.8892645 -0.0530373 0.6729205 -0.2630017 0.6893440
2227786.0000000000 -1.2324251 0.1812937 0.9828016 -0.0521005 0.6402609 -0.2528441 0.7234787
2228410.0000000000 -1.4080547 0.1904252 1.1014080 -0.0541127 0.6149297 -0.2554085 0.7441100
2228905.0000000000 -1.4887634 0.2729613 1.3151637 -0.0595152 0.6432009 -0.2804051 0.7100166
2229430.0000000000 -1.5785456 0.3233221 1.5041543 -0.0552190 0.6969905 -0.2808837 0.6574644
2229922.0000000000 -1.7716352 0.3233423 1.5705346 -0.0445766 0.7193369 -0.2655566 0.6403492
2230569.0000000000 -1.9524078 0.3482791 1.6923377 -0.0026068 0.7503004 -0.3110510 0.5833436
2231559.0000000000 -2.2206558 0.3880123 1.9267485 -0.0328116 0.8877574 -0.3194957 0.3297465
2232227.0000000000 -2.3921530 0.3369018 1.8426659 -0.0675094 0.9059556 -0.3262933 0.2611889
2232845.0000000000 -2.5693104 0.2887056 1.7731078 -0.0626597 0.9248638 -0.3320842 0.1744157
2233357.0000000000 -2.8068078 0.2437533 1.7451436 -0.0802070 0.9342228 -0.3411790 0.0662689
2234592.0000000000 -3.1344304 0.1286609 1.5952336 -0.0845097 0.9413925 -0.3258460 -0.0215087
2235266.0000000000 -3.2928917 0.0479748 1.4498576 -0.0764406 0.9396694 -0.3250322 -0.0743801
2235867.0000000000 -3.4594952 -0.0224643 1.3352886 -0.0894214 0.9228274 -0.3028815 -0.2205813
2236442.0000000000 -3.4270796 -0.0888084 1.1555567 -0.1017540 0.9049671 -0.2887578 -0.2954652
2237170.0000000000 -3.3443868 -0.1653483 0.9532576 -0.1028176 0.8574256 -0.2742020 -0.4231585
2238348.0000000000 -3.2271609 -0.3150536 0.5226419 0.1022803 -0.7258122 0.2442742 0.6348744
2238918.0000000000 -3.0631780 -0.3398266 0.3920693 0.0996492 -0.7008024 0.2377813 0.6651362
2239422.0000000000 -2.9549975 -0.4005362 0.1965375 0.0906151 -0.6737999 0.2327426 0.6954232
2239915.0000000000 -2.8215201 -0.4547245 0.0355759 0.0981681 -0.6623362 0.2152115 0.7108852
2240437.0000000000 -2.5873137 -0.4649911 -0.0845717 0.0964618 -0.6602664 0.2243644 0.7102141
2240933.0000000000 -2.4004273 -0.4888025 -0.2194634 0.0992215 -0.6482496 0.2211227 0.7218257
2241460.0000000000 -2.2758180 -0.5395274 -0.3963000 0.0913770 -0.6319003 0.2046030 0.7419500
2242026.0000000000 -2.0736767 -0.5578213 -0.5203059 0.1089513 -0.6465987 0.2172381 0.7230818
2242517.0000000000 -1.8922814 -0.5726325 -0.6358634 0.1044007 -0.6556165 0.2115265 0.7173033
2243023.0000000000 -1.7565502 -0.6170319 -0.8039494 0.0946381 -0.6302395 0.2114685 0.7410283
2243522.0000000000 -1.5678022 -0.6307562 -0.9233686 0.0983253 -0.6280867 0.2079776 0.7433603
2244019.0000000000 -1.3826350 -0.6537053 -1.0284067 0.0911788 -0.6547211 0.2179997 0.7179853
2244511.0000000000 -1.2718987 -0.7053219 -1.2064616 0.0956058 -0.6405759 0.2143247 0.7311545
2245516.0000000000 -0.8949314 -0.7475283 -1.4307795 0.1071236 -0.6455674 0.2102808 0.7263259
2246012.0000000000 -0.7680048 -0.7895680 -1.6011771 0.0936918 -0.6224933 0.2078010 0.7486940
2246589.0000000000 -0.6250394 -0.8315099 -1.7472160 0.1057602 -0.6020661 0.1957293 0.7668254
2247064.0000000000 -0.4159965 -0.8329752 -1.8273804 0.1041827 -0.5833284 0.1880115 0.7832787
2247617.0000000000 -0.2362308 -0.8478981 -1.9629865 0.0907376 -0.5238597 0.1675197 0.8302258
2248209.0000000000 -0.0350033 -0.8849098 -2.0870951 0.0874063 -0.4015156 0.1300332 0.9023507
2248784.0000000000 0.1651160 -0.8382117 -2.0403915 0.0717709 -0.3056087 0.0951603 0.9446676
2249404.0000000000 0.3927784 -0.7914748 -2.0079365 0.0451644 -0.1851257 0.0493792 0.9804338
2249932.0000000000 0.6171988 -0.7526027 -1.9787658 0.0438316 -0.0557152 -0.0012560 0.9974833
2250549.0000000000 0.7382745 -0.6751935 -1.8200332 0.0382090 -0.0142738 -0.0105117 0.9991125
2251247.0000000000 0.8512669 -0.5767411 -1.6427643 0.0175127 0.1068112 -0.0622716 0.9921728
2251814.0000000000 0.9929536 -0.4879348 -1.4591041 -0.0069926 0.3492580 -0.1361173 0.9270610
2252424.0000000000 0.9520939 -0.4121757 -1.2607589 -0.0323773 0.5035278 -0.1877711 0.8427060
2253079.0000000000 0.8128994 -0.3647961 -1.0918377 -0.0534197 0.5307410 -0.2061585 0.8203408
2253764.0000000000 0.7417811 -0.2861806 -0.8920849 -0.0697007 0.5414966 -0.2238635 0.8073465
2254254.0000000000 0.5542842 -0.2627594 -0.7840077 -0.0556211 0.5709281 -0.2371364 0.7840368
2254835.0000000000 0.3746208 -0.2436354 -0.6512586 -0.0108215 0.6005529 -0.2656650 0.7540830
2255321.0000000000 0.2642940 -0.1718117 -0.4390394 -0.0650988 0.6894674 -0.2813364 0.6642640
2255932.0000000000 0.0796814 -0.1522945 -0.3092918 -0.0790803 0.7516816 -0.2692270 0.5968567
2256405.0000000000 -0.1244611 -0.1621393 -0.2442898 -0.0927505 0.7609876 -0.2782508 0.5786809
2256958.0000000000 -0.3152624 -0.1378398 -0.1425728 -0.0888235 0.7800032 -0.2960102 0.5441354
2257467.0000000000 -0.5208579 -0.1083584 0.0108177 -0.0883498 0.7979894 -0.3014692 0.5143186
2258116.0000000000 -0.7317256 -0.1086470 0.0953747 -0.0860124 0.7955344 -0.2885712 0.5257885
2258597.0000000000 -0.9920076 -0.1234142 0.1655177 -0.0783885 0.7756510 -0.2874610 0.5564054
2259089.0000000000 -1.1732477 -0.0963528 0.2735153 -0.0819811 0.7836343 -0.2883110 0.5441260
2259835.0000000000 -1.3292831 -0.0754074 0.4024699 -0.0913004 0.8027235 -0.2833965 0.5167065
2260518.0000000000 -1.5597042 -0.0827650 0.4431898 -0.1074785 0.7847594 -0.2897539 0.5372558
2261099.0000000000 -1.7783135 -0.1187726 0.4624602 -0.0941457 0.7706719 -0.2981856 0.5552357
2261663.0000000000 -1.9895217 -0.0991594 0.5638828 -0.1014822 0.7733104 -0.2973616 0.5506982
2262153.0000000000 -2.1507190 -0.0943351 0.6747244 -0.0919748 0.7876822 -0.2895269 0.5359772
2262782.0000000000 -2.3615752 -0.1025410 0.7363828 -0.0936802 0.7698242 -0.2756345 0.5679968
2263706.0000000000 -2.5493571 -0.1160182 0.7948324 -0.0862235 0.7801175 -0.2828933 0.5513198
2265089.0000000000 -2.4819010 -0.0486500 0.8998090 -0.1052889 0.9045943 -0.3232479 0.2571658
2265972.0000000000 -2.2847682 -0.0324189 0.8955373 -0.1096092 0.8945184 -0.3345677 0.2754760
2266488.0000000000 -2.1973781 0.0240174 1.0110156 -0.1270234 0.9145991 -0.3221487 0.2087914
2267105.0000000000 -2.0945639 0.1019422 1.1678421 -0.1190481 0.9366447 -0.3217095 0.0709033
