180011696.0000000000 0.0000000 0.0000000 0.0000000 0.0000000 0.0000000 0.0000000 1.0000000
312205184.0000000000 -0.0715250 -0.0437097 0.0503820 -0.0086539 -0.0861908 -0.0040886 0.9962327
258823312.0000000000 -0.0733569 -0.1215816 0.1722575 -0.0101451 -0.2406512 -0.0191801 0.9703691
551497344.0000000000 -0.0241248 -0.1135491 0.1734462 -0.0149113 -0.3272258 -0.0165145 0.9446842
777863232.0000000000 -0.0573033 -0.1296438 0.1689508 -0.0149268 -0.3404605 -0.0208279 0.9399096
47889976.0000000000 -0.0695725 -0.1273256 0.1754353 -0.0138802 -0.2769213 -0.0322194 0.9602520
709543424.0000000000 -0.0750296 -0.1241563 0.1696829 0.1100913 -0.2575176 -0.0892163 0.9558269
52371380.0000000000 -0.0702018 -0.1252772 0.1751290 0.0799159 -0.2481731 -0.0543829 0.9638807
351089696.0000000000 -0.0699005 -0.1257256 0.1753762 0.0641064 -0.2291774 -0.0509090 0.9699363
608099840.0000000000 -0.0666893 -0.1252280 0.1751963 0.0557003 -0.2220874 -0.0402398 0.9726024
958085952.0000000000 -0.0691305 -0.1264865 0.1750617 0.0594210 -0.2186637 -0.0396251 0.9731830
193763584.0000000000 -0.0699451 -0.1269198 0.1750809 0.0449705 -0.1870267 -0.0333147 0.9807593
206744064.0000000000 -0.0696430 -0.1268464 0.1750923 0.0324877 -0.2102630 -0.0326258 0.9765601
143013808.0000000000 -0.0694227 -0.1267848 0.1750433 0.0171311 -0.2081638 -0.0333538 0.9773750
654033408.0000000000 -0.0698101 -0.1269734 0.1750595 0.0249360 -0.2060914 -0.0317755 0.9776987
869265920.0000000000 -0.0968026 -0.1037081 0.1546769 0.0123374 -0.1167143 0.0005572 0.9930887
626635904.0000000000 -0.0725892 -0.1275660 0.1728061 0.0380204 -0.0932058 0.0090481 0.9948795
330022304.0000000000 -0.0904518 -0.1024279 0.1566006 0.0202485 -0.0414652 0.0339358 0.9983582
159214864.0000000000 -0.0733945 -0.1254553 0.1758872 0.0375385 -0.1669988 0.0254857 0.9849126
844784640.0000000000 -0.0555790 -0.1284401 0.1887946 0.1433040 -0.2714722 0.0074716 0.9516885
72507856.0000000000 -0.0676765 -0.1445542 0.2355081 0.1765348 -0.2640335 -0.0109068 0.9481576
