385157376.0000000000 0.2500000 0.0000000 0.0000000 0.0000000 0.0000000 0.0000000 1.0000000
672707520.0000000000 -0.1869380 -0.0379253 0.2279068 -0.0023172 0.0386263 -0.0157084 0.9991276
140411152.0000000000 0.1384992 -0.1261355 0.0774675 -0.0105929 -0.0452840 -0.0078739 0.9988870
414373504.0000000000 0.1470317 -0.1565469 0.1477960 -0.0289388 -0.1227595 -0.0146684 0.9919060
213011920.0000000000 0.1559735 -0.1272423 0.1407930 -0.0806560 -0.1301974 0.0309128 0.9877184
116337472.0000000000 0.2852126 0.0160145 0.0939916 0.0076017 -0.0809432 -0.0448678 0.9956793
546521536.0000000000 0.2549571 -0.0458977 0.0951912 -0.0591103 0.1557824 0.0077895 0.9859904
126266256.0000000000 0.3176897 -0.1206979 0.1022484 -0.0776123 0.1046556 -0.0085771 0.9914383
684942784.0000000000 0.2812786 0.0115266 -0.0121113 0.0063527 0.2302968 -0.0421587 0.9721860
182943920.0000000000 0.2631353 0.0099418 0.0999779 0.0701681 0.2050751 -0.0564868 0.9745922
