58972748.0000000000 0.0000000 -0.2500000 0.0000000 0.0000000 0.0000000 0.0000000 1.0000000
239477136.0000000000 0.0296412 -0.2846792 -0.0163880 -0.0564729 -0.0920540 -0.0022903 0.9941487
134406256.0000000000 0.1312208 -0.3443639 0.1231021 -0.0684287 -0.1347665 0.0048086 0.9885001
919945088.0000000000 0.1480913 -0.3721671 0.1333224 -0.0715646 -0.1390743 0.0009511 0.9876922
267624736.0000000000 0.1515453 -0.3690757 0.1307446 -0.0719201 -0.1373241 -0.0062526 0.9878919
317629440.0000000000 0.1419272 -0.3674432 0.1285206 -0.0630884 -0.1265112 -0.0003229 0.9899569
510344224.0000000000 0.1040013 -0.3167479 0.1001489 -0.0408368 -0.1089661 -0.0358120 0.9925604
815381376.0000000000 0.2049131 -0.3702903 0.1049512 -0.0609334 -0.1761105 0.0083665 0.9824470
64708556.0000000000 0.3056802 -0.4620494 0.1504749 -0.0686855 -0.2147536 0.0143444 0.9741445
393914272.0000000000 0.3325706 -0.4865384 0.2061827 -0.0753186 -0.2810307 0.0041394 0.9567297
704385792.0000000000 0.3419014 -0.5505545 0.2343871 -0.0820683 -0.3225994 0.0033205 0.9429652
33497066.0000000000 0.3380955 -0.4937899 0.2615301 -0.0947246 -0.3542154 -0.0003419 0.9303540
259013664.0000000000 0.3367793 -0.5454482 0.2049167 -0.0886108 -0.3449433 -0.0142278 0.9343232
758705280.0000000000 0.3665307 -0.5053795 0.2594803 -0.0690395 -0.2851541 0.0058136 0.9559743
