333580000.0000000000 0.0000000 0.2500000 0.0000000 0.0000000 0.0000000 0.0000000 1.0000000
647168320.0000000000 -0.0028678 0.2204301 -0.0744274 -0.0098829 0.0204340 -0.0169417 0.9995988
916666560.0000000000 -0.1883153 0.1495204 -0.2069941 -0.0188229 -0.1228415 -0.0143190 0.9921445
870660352.0000000000 -0.1711760 0.2206354 -0.4679277 -0.0077945 -0.0704593 -0.0014356 0.9974832
118512264.0000000000 -0.1381328 0.3068303 -0.6290403 0.0193884 -0.0439865 0.0072684 0.9988175
111341608.0000000000 -0.2128759 0.3507442 -0.3991403 0.0504441 -0.0606015 0.0240856 0.9965956
334737568.0000000000 -0.1405745 0.2308961 0.0030522 0.0251920 -0.1660489 -0.0084795 0.9857592
726492864.0000000000 -0.0863876 0.2304185 -0.2139418 0.0259744 -0.1313446 -0.0076613 0.9909668
911796800.0000000000 -0.1819634 0.2583614 -0.5261659 0.0344491 -0.1549315 -0.0054060 0.9873096
851176256.0000000000 -0.2940562 0.2816985 -0.8272196 0.0354077 -0.1752697 -0.0034464 0.9838775
350931168.0000000000 -0.1893543 0.2965667 -1.0228129 0.0248380 -0.1296355 -0.0004313 0.9912505
951491008.0000000000 -0.3642267 0.2933505 -0.8992283 0.0267517 -0.1664367 0.0023541 0.9856864
911985216.0000000000 -0.1232721 0.2074610 0.0547116 0.0371609 -0.1748277 -0.0072741 0.9838706
481666304.0000000000 -0.0889535 0.2064469 0.0716837 0.0488126 -0.4108783 -0.0080301 0.9103471
589007744.0000000000 -0.1011382 0.2461173 -0.0893261 0.0067281 -0.0954964 0.0015145 0.9954059
300242144.0000000000 0.0321143 0.2680203 -0.1957007 -0.0218881 0.0762642 0.0041056 0.9968389
715127808.0000000000 -0.0889207 0.3662078 -0.2725398 0.0004865 0.0488968 0.0288441 0.9983871
545279488.0000000000 -0.1115753 0.5627595 -0.5117229 -0.0325892 0.3471606 0.0362636 0.9365375
861765824.0000000000 -0.1206079 0.2917090 -0.4760955 0.0177973 -0.1121371 -0.0087417 0.9934949
276822848.0000000000 -0.1443692 0.2990333 -0.7225731 0.0048295 -0.0884940 -0.0166536 0.9959258
735291072.0000000000 -0.1463756 0.2575666 -0.4764854 0.0114671 -0.1276025 -0.0170375 0.9916127
761199232.0000000000 -0.1124531 0.2361339 -0.0210222 0.0392596 -0.1779310 -0.0147380 0.9831490
311168768.0000000000 -0.0942361 0.2349696 0.0004970 0.0610406 -0.3500390 -0.0095336 0.9346956
824327680.0000000000 -0.0551686 0.1929682 -0.0525105 0.0181992 -0.3363403 -0.0158381 0.9414314
678556352.0000000000 -0.0745771 0.2114287 -0.1494811 0.0083146 -0.1272206 -0.0215783 0.9916048
269813184.0000000000 -0.1117097 0.2306425 -0.1427414 0.0077389 -0.1141389 -0.0168322 0.9932921
883833024.0000000000 -0.1494605 0.2903964 -0.2239140 -0.0005944 0.0106294 0.0012555 0.9999425
370572256.0000000000 -0.1760471 0.4480028 -0.4750225 -0.0587374 0.2182286 0.0287653 0.9737036
392580672.0000000000 -0.2187774 0.4097679 -0.4960005 -0.0342305 0.2026982 -0.0034140 0.9786368
689346688.0000000000 -0.1680734 0.3580321 -0.7923738 0.0334927 -0.0683441 -0.0167005 0.9969596
227525568.0000000000 -0.3276689 0.3209738 -0.9474407 0.0511705 -0.1420189 -0.0198462 0.9883412
479561568.0000000000 -0.2474903 0.3339945 -0.5768045 0.0208818 -0.1156136 -0.0501379 0.9918083
323795776.0000000000 0.1092013 0.1231261 0.1938593 -0.0008894 -0.1897737 -0.0400776 0.9810091
633504832.0000000000 0.0668927 0.2179631 0.1773230 0.0300235 -0.1566855 -0.0495043 0.9859501
137565536.0000000000 0.0287326 0.2938998 -0.0351203 0.0152474 -0.1031361 -0.0307772 0.9940740
528479808.0000000000 0.0711988 0.2788803 -0.2953919 -0.0041827 -0.0766810 -0.0456550 0.9960011
595779840.0000000000 -0.0527205 0.2394220 -0.1344394 0.0200883 -0.1653594 -0.0501654 0.9847518
24575488.0000000000 0.0489469 0.2882374 -0.0770571 0.0335624 0.0024598 -0.0294631 0.9989992
