299510400.0000000000 0.0000000 0.2500000 0.0000000 0.0000000 0.0000000 0.0000000 1.0000000
306081120.0000000000 -1.1178924 0.2722785 -0.5316518 0.0061012 0.1259263 0.0023676 0.9920180
928674432.0000000000 -1.3675008 0.2269394 -0.5478628 0.0103705 0.1564017 0.0043498 0.9876295
393459392.0000000000 -1.3756983 0.2556985 -0.5721911 0.0030320 0.1610275 0.0106958 0.9868873
906978368.0000000000 -1.6022980 0.5044549 -0.8308567 0.0117411 0.2312604 0.0135684 0.9727264
196053584.0000000000 -1.3102020 0.3120864 -0.7038116 -0.0026917 0.1709241 0.0074204 0.9852526
335750304.0000000000 -1.3006564 0.3043413 -0.6298735 0.0029452 0.1520108 -0.0033369 0.9883688
327538912.0000000000 -1.3220123 0.2488800 -0.5729205 0.0162885 0.2027644 -0.0011511 0.9790914
55586524.0000000000 -1.3480724 0.2512968 -0.5677685 0.0425046 0.4097042 0.0125275 0.9111415
852366976.0000000000 -2.2762849 1.4791388 -1.1842517 0.1157013 0.2405167 0.0054473 0.9637091
884542208.0000000000 -1.3937950 0.3905814 -0.6608506 -0.0194319 -0.2074524 -0.0500867 0.9767688
892587200.0000000000 -1.3783713 0.6755260 -1.3827206 -0.0553057 -0.0603844 -0.0506631 0.9953533
225610944.0000000000 -1.3747014 0.6912817 -1.4394633 -0.0752528 -0.0723185 -0.0463076 0.9934599
514365952.0000000000 -1.5080901 0.7316509 -1.5208548 -0.0399787 -0.0696560 -0.0538047 0.9953164
340961056.0000000000 -1.4846197 0.6310684 -1.3349977 -0.0559170 -0.0941487 -0.0698878 0.9915266
106178576.0000000000 -1.4363059 0.6281237 -1.1325433 -0.0389547 -0.1081454 -0.0648699 0.9912512
774446080.0000000000 -1.4890985 0.5284816 -0.9388154 -0.0180545 -0.1961048 -0.0779839 0.9773103
644724352.0000000000 -1.4067569 0.4452193 -0.7745859 -0.0188328 -0.1860857 -0.0826001 0.9788742
467600032.0000000000 -1.3794220 0.3644273 -0.5770508 -0.0103225 -0.3134227 -0.1069469 0.9435158
660079104.0000000000 -1.2670954 0.3419484 -0.4039348 -0.0477000 -0.2392599 -0.1011173 0.9644971
850915072.0000000000 -1.4018297 0.3713310 -0.5668058 -0.0825607 -0.2582799 -0.1298218 0.9537408
279947136.0000000000 -1.5087879 0.5199022 -0.9360872 -0.0574472 -0.1879593 -0.0814955 0.9771027
977489920.0000000000 -1.4955273 0.5998320 -1.1311093 -0.0739233 -0.1568835 -0.0644842 0.9827333
482508320.0000000000 -1.4865429 0.6134215 -1.3431195 -0.0843205 -0.0782377 -0.0461148 0.9922915
305485440.0000000000 -1.4496285 0.6853890 -1.4716900 -0.0755208 -0.0744598 -0.0413488 0.9935002
512308224.0000000000 -1.4206970 0.6419011 -1.3081858 -0.0979094 -0.0065874 -0.0354240 0.9945429
198539632.0000000000 -1.4840381 0.5789984 -1.1156298 -0.0928816 -0.0077201 -0.0402614 0.9948329
700272512.0000000000 -1.4998748 0.5161444 -0.9255598 -0.0651988 -0.0693483 -0.0556568 0.9939025
262362080.0000000000 -1.4354387 0.4697488 -0.7339878 -0.0625599 -0.0683001 -0.0359971 0.9950505
761841792.0000000000 -1.4081116 0.3786030 -0.5426661 -0.0733258 -0.1736447 -0.0521521 0.9806890
490860448.0000000000 -1.3718066 0.2942412 -0.3537538 -0.0887584 -0.2501745 -0.0752351 0.9611838
99497184.0000000000 -1.4278124 0.6184387 -1.4033986 -0.0562902 -0.0283359 -0.0482724 0.9968442
653467520.0000000000 -1.4321112 0.5690354 -1.1910363 -0.0731900 0.0241110 -0.1006963 0.9919285
521826624.0000000000 -1.4768360 0.4985788 -0.8969949 -0.0370589 0.0754280 -0.0676055 0.9941664
220579280.0000000000 -1.4135987 0.4863891 -0.8690893 -0.0183526 0.1407363 -0.0473060 0.9887460
660705664.0000000000 -1.3497140 0.4903046 -0.9888757 -0.2075843 -0.0783739 -0.1408920 0.9648397
