312896832.0000000000 0.0000000 0.0000000 -0.2500000 0.0000000 0.0000000 0.0000000 1.0000000
413626336.0000000000 -1.9527225 0.3993832 -0.6502122 0.0455901 0.1799134 0.0056297 0.9826093
872151616.0000000000 -1.9779343 0.3932870 -0.6642406 0.0524396 0.2240086 0.0059791 0.9731570
470179424.0000000000 -1.9475039 0.3672044 -0.6331791 0.0695893 0.2661834 0.0104167 0.9613507
626177856.0000000000 -1.9741863 0.3964358 -0.6651879 0.0384246 0.2093209 0.0108822 0.9770312
33976000.0000000000 -1.9722690 0.3989924 -0.6649316 0.0432242 0.2064237 0.0096887 0.9774595
211846976.0000000000 -2.2138914 -0.3266145 -0.4251066 0.0512369 0.5605974 -0.0016903 0.8265001
479979040.0000000000 -2.2097582 -0.3145447 -0.4703244 0.0538695 0.6135370 -0.0063172 0.7878010
943041728.0000000000 -2.4458114 -0.3179698 -0.7977537 0.0812161 0.6408009 -0.0050949 0.7633821
230010624.0000000000 -1.9372729 0.0105866 -0.2192147 0.0939895 0.3885564 0.0139455 0.9165126
845932416.0000000000 -1.9304049 0.1899588 -0.7987395 0.0608769 0.3159133 -0.0059984 0.9468140
24609480.0000000000 -1.7591606 0.4823024 -0.2888832 0.0509133 0.0003616 0.0842409 0.9951438
484459456.0000000000 -1.6421438 -0.1162093 0.2122805 0.0911952 -0.1182869 0.0627295 0.9867911
710611008.0000000000 -1.5610605 -0.2431510 0.1450933 0.0574446 -0.1508016 0.0582391 0.9851737
374376768.0000000000 -1.4480282 -0.1249415 -0.0817028 0.0510329 -0.0887444 0.0597200 0.9929520
652122176.0000000000 -1.4005945 0.1423261 -0.2019998 -0.0003065 0.0762852 0.0282265 0.9966864
169512816.0000000000 -1.9638229 0.2827624 -0.5398802 0.0067802 0.1645125 -0.0042172 0.9863427
603257856.0000000000 -1.7345113 0.2339871 -0.5490445 0.1081024 0.2188804 0.0123416 0.9696664
846011712.0000000000 -1.8986298 0.3381987 -0.6145568 0.1072901 0.2327890 0.0071675 0.9665644
261899248.0000000000 -1.9199231 0.3176038 -0.6007879 0.0984725 0.2643945 -0.0012634 0.9593733
540829376.0000000000 -1.9415838 0.3334935 -0.6130872 0.1045223 0.2649667 0.0005669 0.9585757
499577984.0000000000 -1.6477875 0.2117666 -0.6232409 0.1862117 0.5970833 0.0217663 0.7799634
283518144.0000000000 -1.9352595 0.3390695 -0.6196089 0.0723461 0.3128387 0.0260334 0.9466891
425509856.0000000000 -2.0300025 0.3563987 -0.6610703 0.0489093 0.0014242 -0.0095667 0.9987564
718640896.0000000000 -2.0531881 0.3867131 -0.5820554 0.0342759 0.0146506 -0.0128215 0.9992228
93928080.0000000000 -2.0364674 0.3770864 -0.5981397 -0.0095012 0.0281015 -0.0345266 0.9989634
463497408.0000000000 -2.0713908 0.3775133 -0.4493364 -0.0426884 -0.1129834 -0.0245037 0.9923770
841862208.0000000000 -2.1088786 0.3693953 -0.3861450 -0.0285902 -0.2000322 -0.0169330 0.9792257
299010304.0000000000 -2.1945468 0.3588308 -0.4408831 0.0022335 0.4549667 -0.0976653 0.8851338
